

enemy_img = [[0,0,1,1,1,1,1,1,1,1,1,1,1,1,0,0],
             [1,1,0,0,0,0,0,0,0,0,0,0,0,0,1,1],
             [1,0,0,1,1,1,0,0,0,1,1,1,0,0,0,1],
             [1,1,0,0,0,0,1,1,0,0,0,0,0,0,1,1],
             [0,1,1,1,1,1,1,1,1,1,1,1,1,1,1,0],
             [0,0,0,1,1,1,0,0,0,0,0,1,1,1,0,0],
             [0,0,0,0,1,1,1,0,0,0,0,0,0,1,1,1]]
#for line in enemy_img:
#    for dot in line:
#        print(dot, end="")
#    print()

for line in enemy_img:
    for dot in line:
        if dot == 1:
            print("#", end="")
        else:
            print(" ", end="")
    print()
